1;0.6417509198188782,0.525;0.6444285690784455,0.5125;0.001
2;0.6456461668014526,0.49375;0.6414487898349762,0.5;0.0009995117584851365
3;0.6497725486755371,0.475;0.6394436895847321,0.534375;0.0009980475107000991
4;0.6447406113147736,0.50625;0.6274931073188782,0.54375;0.0009956086864580018
5;0.6247491657733917,0.784375;0.6279372453689576,0.803125;0.000992197667229329
6;0.6322264790534973,0.778125;0.6299220025539398,0.765625;0.000987817783816472
7;0.6101703882217407,0.825;0.6112921297550201,0.84375;0.0009824733131012554
8;0.6191841185092926,0.79375;0.613452672958374,0.81875;0.0009761694738686353
9;0.6195107161998749,0.775;0.6154395759105682,0.7875;0.0009689124217106448
10;0.6032652437686921,0.809375;0.6009509861469269,0.828125;0.0009607092430155619
11;0.6014753103256225,0.8125;0.5991257071495056,0.8125;0.0009515679480481723
12;0.6154984116554261,0.7625;0.6033414959907532,0.796875;0.0009414974631278811
13;0.5971877694129943,0.80625;0.600185239315033,0.796875;0.0009305076219123143
14;0.6047585725784301,0.778125;0.6021095395088196,0.784375;0.0009186091557949183
15;0.6041049480438232,0.778125;0.5932962357997894,0.8;0.0009058136834259364
16;0.5967981040477752,0.784375;0.6022130966186523,0.771875;0.0008921336993669944
17;0.5837355613708496,0.809375;0.5863370060920715,0.8;0.0008775825618903728
18;0.5890040993690491,0.790625;0.5848448395729064,0.803125;0.0008621744799348805
19;0.6022334098815918,0.75625;0.5819756209850311,0.8;0.0008459244992310679
20;0.5794708907604218,0.79375;0.5743159174919128,0.809375;0.0008288484876093257
21;0.5761662423610687,0.80625;0.5849262535572052,0.784375;0.0008109631195052179
22;0.5980336964130402,0.74375;0.577776837348938,0.79375;0.0007922858596771786
23;0.5677838116884232,0.815625;0.567228478193283,0.809375;0.0007728349461524715
24;0.5499380111694336,0.8375;0.5599965393543244,0.815625;0.0007526293724180665
25;0.5492941856384277,0.834375;0.5423590183258057,0.85;0.000731688868873821
26;0.558083301782608,0.8125;0.5534698456525803,0.825;0.0007100338835660797
27;0.56027472615242,0.803125;0.5635695278644561,0.796875;0.0006876855622205048
28;0.5642728805541992,0.790625;0.542852383852005,0.825;0.0006646657275936332
29;0.5515532433986664,0.81875;0.5576720386743546,0.80625;0.0006409968581633252
30;0.5645386338233948,0.7875;0.5544137537479401,0.803125;0.000616702066178912
31;0.5491326361894607,0.81875;0.5641155451536178,0.784375;0.0005918050750924775
32;0.5637983322143555,0.7875;0.5438202023506165,0.809375;0.0005663301963933087
33;0.5302736461162567,0.84375;0.5419305920600891,0.828125;0.0005403023058681397
34;0.5562017679214477,0.790625;0.5425016820430756,0.828125;0.0005137468193103681
35;0.5629014372825623,0.78125;0.5347639203071595,0.834375;0.00048668966770196333
36;0.5367036938667298,0.828125;0.5668799817562103,0.765625;0.0004591572718923041
37;0.5557523787021637,0.7875;0.5497020095586777,0.8125;0.0004311765167986662
38;0.565674775838852,0.775;0.5348140746355057,0.821875;0.00040277472515355743
39;0.5607761889696121,0.784375;0.5577411532402039,0.7875;0.00037397963082453316
40;0.5558587849140167,0.78125;0.5541045188903808,0.78125;0.0003448193517325451
41;0.5431881427764893,0.80625;0.5586529731750488,0.784375;0.0003153223623952687
42;0.560560119152069,0.778125;0.5343795210123062,0.828125;0.00028551746612221976
43;0.5369774013757705,0.80625;0.5148602336645126,0.8375;0.0002554337668888117
44;0.5334356814622879,0.815625;0.5433186829090119,0.79375;0.00022510064091681744
45;0.544923260807991,0.8;0.5773113191127777,0.74375;0.0001945477079889872
46;0.5506318211555481,0.790625;0.5356461405754089,0.81875;0.00016380480252583336
47;0.5402505725622178,0.80625;0.529124629497528,0.81875;0.0001329019444528252
48;0.551337817311287,0.778125;0.5605484068393707,0.775;0.00010186930988644112
49;0.5897941291332245,0.728125;0.5328799366950989,0.825;7.07372016677029e-05
50;0.5420777082443238,0.796875;0.5468063861131668,0.796875;3.953601977196579e-05
51;0.5593032956123352,0.775;0.5314218699932098,0.8125;8.296231623858378e-06
52;0.5236520648002625,0.81875;0.5335739076137542,0.821875;1e-09
54;0.5367340534925461,0.803125;0.5549372941255569,0.76875;0.0007996094067881091
56;0.5558806389570237,0.775;0.5258280068635941,0.81875;0.0007984380085600794
58;0.523788931965828,0.80625;0.5153964519500732,0.821875;0.0007964869491664014
60;0.5387966811656952,0.778125;0.5209127783775329,0.809375;0.0007937581337834632
62;0.5200290977954865,0.80625;0.4872382551431656,0.846875;0.0007902542270531776
64;0.5460618138313293,0.771875;0.5017579793930054,0.828125;0.0007859786504810042
66;0.5440811902284622,0.778125;0.523069030046463,0.803125;0.0007809355790949083
68;0.5322351932525635,0.784375;0.515017619729042,0.809375;0.0007751299373685159
70;0.4956923484802246,0.83125;0.5065500408411026,0.809375;0.0007685673944124496
72;0.5132422894239426,0.7875;0.47640520632266997,0.83125;0.0007612543584385378
74;0.49558880627155305,0.821875;0.5253756254911423,0.784375;0.0007531979705023049
76;0.4948323518037796,0.8125;0.511948573589325,0.803125;0.0007444060975298515
78;0.5510757565498352,0.75;0.48103041648864747,0.840625;0.0007348873246359347
80;0.48950524628162384,0.821875;0.5159117639064789,0.796875;0.0007246509467407491
82;0.5316266059875489,0.775;0.5104209870100022,0.8;0.0007137069594935955
84;0.5455794900655746,0.771875;0.5089227586984635,0.8;0.0007020660495122982
86;0.46485619246959686,0.840625;0.517222273349762,0.784375;0.0006897395839479044
88;0.5159676969051361,0.78125;0.5014570981264115,0.8;0.0006767395993848543
90;0.46760956943035126,0.834375;0.4703746110200882,0.821875;0.0006630787900874606
92;0.48532170355319976,0.821875;0.505187201499939,0.796875;0.0006487704956041744
94;0.5289547324180603,0.778125;0.5120116174221039,0.803125;0.0006338286877417429
96;0.49590677917003634,0.79375;0.5146801114082337,0.784375;0.0006182679569219772
98;0.507185286283493,0.7875;0.4849794298410416,0.81875;0.0006021034979344532
100;0.521479481458664,0.771875;0.45810086131095884,0.821875;0.0005853510950990568
102;0.5135405927896499,0.784375;0.5145830929279327,0.784375;0.0005680271068528637
104;0.4717928618192673,0.821875;0.502399456501007,0.79375;0.0005501484497764039
106;0.4891004592180252,0.8;0.518366140127182,0.778125;0.0005317325820749065
108;0.5143393099308013,0.7875;0.4935396075248718,0.796875;0.0005127974865306602
110;0.46349528431892395,0.825;0.49899393916130064,0.7875;0.0004933616529431296
112;0.49803258776664733,0.790625;0.4310150742530823,0.859375;0.00047344406007398203
114;0.509203752875328,0.7875;0.471296951174736,0.809375;0.000453064157114647
116;0.49827544689178466,0.7875;0.4333923190832138,0.84375;0.00043224184469451186
118;0.5091197520494462,0.771875;0.48383559882640836,0.8;0.00041099745544829444
120;0.4409377932548523,0.83125;0.5133908063173294,0.778125;0.0003893517341615707
122;0.5048313796520233,0.7875;0.4617100179195404,0.825;0.0003673258175138433
124;0.506874731183052,0.7875;0.515890845656395,0.76875;0.00034494121343893295
126;0.5122498601675034,0.778125;0.45344632863998413,0.828125;0.000322219780122846
128;0.4726431369781494,0.803125;0.49034455716609954,0.8;0.00029918370465962656
130;0.5295242071151733,0.759375;0.5203896045684815,0.771875;0.0002758554813860361
132;0.4942484200000763,0.7875;0.47697186172008516,0.809375;0.00025225788991621497
134;0.5223514348268509,0.7625;0.4600267231464386,0.81875;0.0002284139728977758
136;0.4935985267162323,0.8;0.45702562034130095,0.834375;0.00020434701351104936
138;0.49935080111026764,0.790625;0.49509015381336213,0.790625;0.00018008051273345397
140;0.5229888558387756,0.7625;0.4885412871837616,0.809375;0.00015563816639118974
142;0.4837297350168228,0.8;0.4470731854438782,0.815625;0.0001310438420206667
144;0.530726608633995,0.7625;0.5166400700807572,0.78125;0.00010632155556226018
146;0.4721750199794769,0.81875;0.4466281861066818,0.83125;8.14954479091529e-05
148;0.45476784706115725,0.83125;0.4615081876516342,0.821875;5.658976133416233e-05
150;0.47926915884017945,0.80625;0.49993976950645447,0.78125;3.162881581757263e-05
152;0.503944817185402,0.79375;0.45070558190345766,0.828125;6.636985299086703e-06
156;0.4412830024957657,0.8375;0.48955691754817965,0.815625;0.0006398242267964798
160;0.5198431551456452,0.76875;0.466418981552124,0.81875;0.0006390432072441436
164;0.4849783927202225,0.815625;0.44273069202899934,0.834375;0.0006376381728446709
168;0.47839575111865995,0.8;0.4743627518415451,0.8125;0.0006356104955903091
172;0.526831665635109,0.778125;0.5289498925209045,0.775;0.0006329621554734868
176;0.5354821145534515,0.759375;0.4265983074903488,0.83125;0.0006296957385533851
180;0.4662724226713181,0.80625;0.45381450057029726,0.825;0.0006258144344306944
184;0.44861332774162294,0.81875;0.4987483635544777,0.784375;0.0006213220331330238
188;0.5132022559642792,0.771875;0.4696557134389877,0.809375;0.0006162229214140032
192;0.5080636739730835,0.778125;0.5459851562976837,0.75;0.0006105220784696927
196;0.48899865448474883,0.7875;0.42690649032592776,0.83125;0.0006042250710764829
200;0.4719897598028183,0.8;0.48047578930854795,0.790625;0.0005973380481552312
204;0.4719951719045639,0.790625;0.44845893383026125,0.828125;0.0005898677347669454
208;0.4715009778738022,0.803125;0.4998351961374283,0.771875;0.000581821425545876
212;0.5057340800762177,0.771875;0.4465126872062683,0.821875;0.0005732069775764294
216;0.500743818283081,0.76875;0.43845794498920443,0.825;0.0005640328027208581
220;0.4744922459125519,0.790625;0.46018258929252626,0.8;0.0005543078594052205
224;0.5168939411640168,0.759375;0.4826089471578598,0.79375;0.0005440416438716292
228;0.43409766256809235,0.828125;0.4781995236873627,0.796875;0.0005332441809053322
232;0.4661279171705246,0.809375;0.5114184945821763,0.76875;0.0005219260140456804
236;0.4972193598747253,0.78125;0.4612654477357864,0.8125;0.0005100981952905399
240;0.47341694831848147,0.796875;0.4289873331785202,0.834375;0.0004977722743042035
244;0.4559125691652298,0.8125;0.449842244386673,0.815625;0.0004849602871393405
248;0.46944850087165835,0.796875;0.4312084078788757,0.834375;0.0004716747444839942
252;0.5383280992507935,0.753125;0.44351254105567933,0.809375;0.0004579286194451083
256;0.4391784369945526,0.828125;0.506311708688736,0.778125;0.0004437353348805079
260;0.47867827117443085,0.790625;0.42773616313934326,0.83125;0.00042910875029170624
264;0.4202877670526505,0.8375;0.48798023760318754,0.7875;0.00041406314829033736
268;0.4202434360980988,0.834375;0.4955988883972168,0.790625;0.0003986132206514274
272;0.47830663025379183,0.803125;0.437026908993721,0.825;0.00038277405396712645
276;0.44900052547454833,0.8125;0.4679591476917267,0.8;0.0003665611149149067
280;0.4779740869998932,0.796875;0.46194387376308443,0.8125;0.0003499902351546147
284;0.4657429963350296,0.8;0.42931008040905,0.83125;0.00033307759586912394
288;0.48599655330181124,0.7875;0.46542198657989503,0.809375;0.0003158397119636845
292;0.4841627776622772,0.790625;0.4088640153408051,0.84375;0.00029829341593939874
296;0.501022246479988,0.78125;0.5064689666032791,0.778125;0.0002804558414565687
300;0.4708855956792831,0.803125;0.501597860455513,0.778125;0.00026234440660396845
304;0.4641803354024887,0.80625;0.4589709609746933,0.809375;0.00024397679689037554
308;0.4941682517528534,0.778125;0.4660508394241333,0.8;0.00022537094797497198
312;0.480065181851387,0.79375;0.457868817448616,0.809375;0.0002065450281534773
316;0.4504141300916672,0.8125;0.5289867639541626,0.753125;0.00018751742061711625
320;0.464505010843277,0.803125;0.459735181927681,0.809375;0.00016830670550174433
324;0.4629428625106812,0.80625;0.5312785029411315,0.759375;0.00014893164174466068
328;0.4900770545005798,0.7875;0.5337557852268219,0.7625;0.0001294111487668239
332;0.43455120027065275,0.83125;0.4494443744421005,0.81875;0.00010976428799835885
336;0.42927792072296145,0.834375;0.4612667351961136,0.80625;9.001024426539329e-05
340;0.4451135486364365,0.81875;0.40583486258983614,0.846875;7.016830705640096e-05
344;0.5159139901399612,0.765625;0.40552510917186735,0.85;5.025785168634336e-05
348;0.4905016839504242,0.790625;0.4746041506528854,0.8;3.029832037700351e-05
352;0.45076156258583067,0.8125;0.41998458206653594,0.834375;1.030920327198627e-05
360;0.43880518078804015,0.821875;0.42599942833185195,0.825;0.0005119023468543692
368;0.4687513440847397,0.796875;0.4506684571504593,0.8125;0.0005113399856018279
376;0.49193674623966216,0.7875;0.44529769718647005,0.815625;0.0005102783095309255
384;0.48991831243038175,0.78125;0.4647260278463364,0.803125;0.0005087183553503282
392;0.4279491662979126,0.828125;0.44485010057687757,0.815625;0.0005066616463288206
400;0.44415169656276704,0.815625;0.4775617212057114,0.7875;0.0005041101908078592
408;0.48271088898181913,0.784375;0.45861286818981173,0.80625;0.0005010664802404613
416;0.5101783901453019,0.76875;0.42866805791854856,0.825;0.0004975334867583435
424;0.49156345427036285,0.79375;0.4232324421405792,0.834375;0.0004935146602696851
432;0.45487929284572604,0.815625;0.4448260635137558,0.815625;0.0004890139250903517
440;0.48111060857772825,0.796875;0.4920636102557182,0.7875;0.00048403567611186735
448;0.4908838927745819,0.78125;0.45335116386413576,0.815625;0.00047858477450987713
456;0.5148938000202179,0.76875;0.47107717096805574,0.803125;0.0004726665429972922
464;0.4373825043439865,0.81875;0.40080170035362245,0.846875;0.00046628676062675055
472;0.39163091480731965,0.853125;0.4873713761568069,0.7875;0.0004594516571474704
480;0.4800282120704651,0.7875;0.4449119806289673,0.815625;0.00045216790692200566
488;0.4207489341497421,0.834375;0.4873326063156128,0.784375;0.0004444426224088442
496;0.4987571656703949,0.765625;0.4915496289730072,0.78125;0.00043628334721721314
504;0.4694246381521225,0.79375;0.4735998630523682,0.790625;0.0004276980487408718
512;0.5152979642152786,0.759375;0.4839219570159912,0.784375;0.0004186951103780876
520;0.4712612837553024,0.7875;0.41901046335697173,0.8375;0.0004092833233453894
528;0.407357482612133,0.84375;0.43532454371452334,0.8125;0.000399471878093094
536;0.42057127952575685,0.828125;0.4825060456991196,0.784375;0.00038927035533098744
544;0.47749931514263155,0.79375;0.43509002327919005,0.821875;0.00037868871667292426
552;0.4612720787525177,0.803125;0.4895885676145554,0.7875;0.0003677372949094808
560;0.49208157062530516,0.7875;0.4525958776473999,0.81875;0.00035642678391816044
568;0.4304801166057587,0.8375;0.4384768545627594,0.83125;0.0003447682282210037
576;0.47545084059238435,0.803125;0.46013682037591935,0.809375;0.0003327730121998
584;0.4460571616888046,0.815625;0.4845633268356323,0.8;0.000320452848979432
592;0.5090622186660767,0.76875;0.5060349941253662,0.775;0.0003078197689902078
600;0.44310940206050875,0.821875;0.4892877459526062,0.7875;0.0002948861082203501
608;0.5036029547452927,0.778125;0.45794902741909027,0.8125;0.000281664496170113
616;0.4495367407798767,0.8125;0.526163586974144,0.771875;0.000268167843519289
624;0.48468696475028994,0.790625;0.48861582279205323,0.7875;0.0002544093295201499
632;0.5161556780338288,0.76875;0.4713600933551788,0.796875;0.00024040238912813007
640;0.4853134572505951,0.790625;0.4221428394317627,0.825;0.00022616069988282077
648;0.5128508895635605,0.76875;0.46608475744724276,0.8;0.0002116981685520846
656;0.46346767246723175,0.803125;0.4586916744709015,0.803125;0.00019702891755233302
664;0.44515460431575776,0.815625;0.459861820936203,0.803125;0.00018216727115822603
672;0.5026816725730896,0.775;0.4305067777633667,0.825;0.00016712774151526132
680;0.4916020393371582,0.78125;0.47026635706424713,0.8;0.00015192501446891033
688;0.47127995193004607,0.8;0.43602631986141205,0.821875;0.00013657393522413934
696;0.4630722314119339,0.8;0.4013268768787384,0.84375;0.00012108949384931892
704;0.5166075080633163,0.765625;0.448790642619133,0.8125;0.00010548681063867638
712;0.5037636190652848,0.771875;0.4806139558553696,0.79375;8.978112134758512e-05
720;0.518314066529274,0.75625;0.444067171216011,0.815625;7.398776231510807e-05
728;0.4611734807491302,0.8;0.4536497712135315,0.80625;5.812215548832281e-05
736;0.4553419440984726,0.803125;0.45796404778957367,0.796875;4.219979336305203e-05
744;0.4428871601819992,0.809375;0.4250235915184021,0.828125;2.6236223855704245e-05
752;0.4803087323904037,0.784375;0.4476006835699081,0.8125;1.024703512099723e-05
768;0.4532978475093842,0.809375;0.41473949551582334,0.840625;0.0004095218774834954
784;0.4266490042209625,0.821875;0.4379409849643707,0.8125;0.00040907198848146243
800;0.47746350467205045,0.7875;0.4746425211429596,0.784375;0.0004082226476247405
816;0.4563951075077057,0.809375;0.45171354711055756,0.815625;0.00040697468428026266
832;0.5331274837255477,0.75625;0.4609736979007721,0.80625;0.00040532931706305654
848;0.43277646601200104,0.81875;0.5034934669733048,0.778125;0.00040328815264628745
864;0.5001224964857102,0.771875;0.48777472972869873,0.778125;0.00040085318419236915
880;0.47898114621639254,0.79375;0.43394058644771577,0.821875;0.0003980267894066749
896;0.5147964537143708,0.7625;0.45069342106580734,0.8125;0.00039481172821574813
912;0.4910915791988373,0.78125;0.43702948093414307,0.815625;0.0003912111400722815
928;0.5177547454833984,0.759375;0.4723782926797867,0.803125;0.00038722854088949393
944;0.42560394704341886,0.825;0.4561037451028824,0.809375;0.0003828678196079018
960;0.4969945549964905,0.775;0.4769185781478882,0.790625;0.00037813323439783383
976;0.4776782155036926,0.784375;0.47982622385025026,0.79375;0.00037302940850140055
992;0.5362496614456177,0.75625;0.44303269386291505,0.81875;0.0003675613257179764
1008;0.48027010560035704,0.7875;0.535693472623825,0.746875;0.0003617343255376046
1024;0.521602663397789,0.75625;0.47071592807769774,0.790625;0.00035555409792707547
1040;0.483535498380661,0.775;0.42409744709730146,0.825;0.0003490266777737706
1056;0.4950672060251236,0.778125;0.44246618151664735,0.815625;0.0003421584389926975
1072;0.42549657821655273,0.81875;0.41138295382261275,0.8375;0.0003349560883024701
1088;0.46367893517017367,0.803125;0.4394759267568588,0.81875;0.00032742665867631154
1104;0.43094110786914824,0.821875;0.4215882897377014,0.83125;0.00031957750247447526
1120;0.49595718681812284,0.771875;0.48077310919761657,0.784375;0.00031141628426479005
1136;0.45122782588005067,0.8;0.40727831423282623,0.84375;0.00030295097333833947
1152;0.472620764374733,0.790625;0.47754670977592467,0.790625;0.0002941898359275847
1168;0.4611933887004852,0.8;0.43087790310382845,0.821875;0.0002851414271345284
1184;0.43480433225631715,0.815625;0.3784578651189804,0.8625;0.00027581458257680303
1200;0.47761637568473814,0.790625;0.4866756319999695,0.784375;0.0002662184097598401
1216;0.5355725198984146,0.753125;0.45336841642856596,0.809375;0.00025636227918354564
1232;0.4161512553691864,0.83125;0.5262501001358032,0.759375;0.0002462558151921663
1248;0.47200988233089447,0.790625;0.45775329172611234,0.8;0.00023590888657628014
1264;0.4889763563871384,0.784375;0.4804709553718567,0.78125;0.00022533159693609043
1280;0.47609043717384336,0.784375;0.4705474704504013,0.79375;0.00021453427481543124
1296;0.4909931421279907,0.771875;0.4526201546192169,0.803125;0.00020352746361611997
1312;0.5049564719200135,0.76875;0.4172671064734459,0.83125;0.0001923219113025041
1328;0.4427341401576996,0.809375;0.48266170024871824,0.778125;0.00018092855990625665
1344;0.47490633130073545,0.790625;0.4387038886547089,0.809375;0.0001693585348416677
1360;0.43304692804813383,0.821875;0.47050508558750154,0.790625;0.00015762313404186644
1376;0.4623387783765793,0.79375;0.46604728400707246,0.79375;0.00014573381692658088
1392;0.4678362488746643,0.79375;0.429143825173378,0.825;0.00013370219321220906
1408;0.47589231431484225,0.784375;0.4726591095328331,0.7875;0.00012154001157512827
1424;0.4738237649202347,0.790625;0.442079970240593,0.8125;0.00010925914817931149
1440;0.4759665697813034,0.790625;0.46198364794254304,0.8;9.687159507945516e-05
1456;0.4567533493041992,0.8;0.4262540966272354,0.828125;8.438944851094112e-05
1472;0.4705367535352707,0.790625;0.38304044455289843,0.85;7.182489707806812e-05
1488;0.48210889399051665,0.78125;0.500278440117836,0.7625;5.919020985208647e-05
1504;0.4480619341135025,0.80625;0.45240046083927155,0.79375;4.6497724390658256e-05
1520;0.4890550434589386,0.775;0.4135909408330917,0.8375;3.375983469044163e-05
1536;0.4359044462442398,0.815625;0.4485486388206482,0.809375;2.09889790845634e-05
1552;0.42734853327274325,0.809375;0.39747837781906126,0.84375;8.197628096797786e-06
1568;0.4629266858100891,0.7875;0.44362766444683077,0.81875;0.00032767609375776116
1600;0.4843525797128677,0.78125;0.4318006902933121,0.81875;0.0003274661170216334
1632;0.5139961838722229,0.753125;0.44275632202625276,0.815625;0.00032693637517942323
1664;0.4217345416545868,0.825;0.46899288296699526,0.79375;0.0003260873855150498
1696;0.5028014361858368,0.765625;0.4699415475130081,0.784375;0.00032491997705251285
1728;0.4803005695343018,0.784375;0.4708243042230606,0.7875;0.00032343528974636477
1760;0.46582979559898374,0.790625;0.5172827959060669,0.75625;0.00032163477336856434
1792;0.4470005989074707,0.809375;0.4232794016599655,0.81875;0.00031952018609279943
1824;0.3915308803319931,0.85;0.4676535129547119,0.784375;0.0003170935927776596
1856;0.47436687648296355,0.775;0.38934056758880614,0.871875;0.0003143573629503371
1888;0.49899267852306367,0.771875;0.45305460393428804,0.80625;0.0003113141684928238
1920;0.4589093685150146,0.803125;0.4233642339706421,0.821875;0.0003079669810328636
1952;0.42842476069927216,0.821875;0.4567795366048813,0.8;0.00030431906904220847
1984;0.4546543061733246,0.80625;0.4529614120721817,0.8;0.00030037399464501126
2016;0.48019914627075194,0.76875;0.437228786945343,0.809375;0.0002961356101394717
2048;0.4547026216983795,0.79375;0.43389440774917604,0.81875;0.00029160805423613317
2080;0.5069844663143158,0.76875;0.448587167263031,0.809375;0.0002867957480165012
2112;0.4478178799152374,0.80625;0.4247379958629608,0.821875;0.0002817033906159331
2144;0.4596587955951691,0.80625;0.4962120592594147,0.775;0.000276335954635012
2176;0.43694653511047366,0.81875;0.4349016219377518,0.8125;0.00027069868128388634
2208;0.455258771777153,0.803125;0.43190949857234956,0.81875;0.0002647970752643174
2240;0.4667059123516083,0.790625;0.40906058847904203,0.840625;0.0002586368993944314
2272;0.4289009988307953,0.815625;0.4345654875040054,0.8125;0.0002522241689814255
2304;0.44976135194301603,0.784375;0.44094829857349394,0.809375;0.00024556514594772217
2336;0.4261834532022476,0.809375;0.458472353219986,0.796875;0.0002386663327163084
2368;0.4294699728488922,0.8125;0.4505506157875061,0.803125;0.0002315344658612299
2400;0.43990295231342313,0.8125;0.4342315673828125,0.8125;0.00022417650952944091
2432;0.40024430155754087,0.84375;0.486042982339859,0.7875;0.00021659964864043297
2464;0.4306239068508148,0.815625;0.43056097328662873,0.8125;0.00020881128187028277
2496;0.49294819831848147,0.7625;0.44802339673042296,0.8;0.00020081901442697063
2528;0.4674121081829071,0.790625;0.4166597366333008,0.83125;0.000192630650624024
2560;0.44464747309684755,0.803125;0.4365385800600052,0.80625;0.00018425418625973768
2592;0.4082580804824829,0.834375;0.4293735146522522,0.815625;0.00017569780080941254
2624;0.418941342830658,0.821875;0.3907681941986084,0.840625;0.00016696984943823662
2656;0.4651852399110794,0.784375;0.4614731401205063,0.790625;0.0001580788548426081
2688;0.4108133316040039,0.828125;0.43650769889354707,0.809375;0.0001490334989278671
2720;0.45722479224205015,0.8;0.4359407931566238,0.80625;0.0001398426143305621
2752;0.46765405833721163,0.784375;0.43858935236930846,0.809375;0.00013051517579353066
2784;0.4681424558162689,0.778125;0.42325489819049833,0.834375;0.00012106029140221496
2816;0.43792281448841097,0.803125;0.45638961493968966,0.7875;0.00011148719369077114
2848;0.43304436802864077,0.81875;0.42123555541038515,0.821875;0.0001018052306266564
2880;0.3948031187057495,0.8375;0.4046211302280426,0.834375;9.202385648249724e-05
2912;0.4657534807920456,0.7875;0.3833586037158966,0.85625;8.215262260415287e-05
2944;0.4195664316415787,0.83125;0.46954133808612825,0.784375;7.220116808398794e-05
2976;0.4403268963098526,0.803125;0.425247797369957,0.8125;6.217921034846253e-05
3008;0.41297478675842286,0.828125;0.45180650651454923,0.79375;5.209653566923e-05
3040;0.44474865198135377,0.8;0.45787759125232697,0.790625;4.1962989607008877e-05
3072;0.4385882318019867,0.8125;0.4287001729011536,0.809375;3.17884673975599e-05
3104;0.4557676076889038,0.79375;0.4715187311172485,0.78125;2.158290428915616e-05
3136;0.4429705411195755,0.8;0.4187629520893097,0.821875;1.1356265840981836e-05
3168;0.454083314538002,0.790625;0.432499498128891,0.815625;1.1185381919327187e-06
3200;0.48008309602737426,0.784375;0.4282317698001862,0.80625;0.00026211950038162644
3264;0.4637574702501297,0.78125;0.43309661746025085,0.80625;0.00026187954447653733
3328;0.4597717016935349,0.80625;0.4004857331514359,0.84375;0.00026138386764043423
3392;0.4462933212518692,0.796875;0.4081164956092834,0.834375;0.00026063295389333575
3456;0.46920591592788696,0.7875;0.4694145619869232,0.790625;0.00025962753648977276
3520;0.4274572491645813,0.815625;0.41365025639534,0.834375;0.00025836859720277755
3584;0.4516283243894577,0.796875;0.45665674805641177,0.790625;0.00025685736536519945
3648;0.4662467509508133,0.78125;0.43188524544239043,0.8125;0.0002550953166692818
3712;0.4478619396686554,0.784375;0.45741249322891236,0.784375;0.0002530841717256736
3776;0.4364362180233002,0.80625;0.4366357445716858,0.80625;0.00025082589438328275
3840;0.45739821195602415,0.790625;0.4177108496427536,0.83125;0.0002483226898116105
3904;0.47468618452548983,0.775;0.390912863612175,0.8375;0.00024557700234744095
3968;0.39070805013179777,0.840625;0.4551664710044861,0.79375;0.0002425915131079878
4032;0.4375996947288513,0.803125;0.40315297842025755,0.83125;0.00023936913737282887
4096;0.44566383957862854,0.796875;0.4226328581571579,0.8125;0.00023591302173718492
4160;0.4419870138168335,0.8;0.45572025775909425,0.7875;0.00023222654103932294
4224;0.48535498380661013,0.75;0.40879023671150205,0.840625;0.00022831329506508378
4288;0.44722614884376527,0.790625;0.38944429755210874,0.846875;0.00022417710503275245
4352;0.43901996612548827,0.8125;0.44987477660179137,0.8;0.00021982200986170327
4416;0.4125966578722,0.821875;0.4360187888145447,0.80625;0.0002152522622284636
4480;0.44609971940517423,0.79375;0.4542104184627533,0.7875;0.00021047232441404742
4544;0.49861944019794463,0.759375;0.46297481656074524,0.796875;0.0002054868639466137
4608;0.45817654132843016,0.78125;0.4519459784030914,0.796875;0.0002003007490437042
4672;0.4456255450844765,0.796875;0.46601112484931945,0.7875;0.00019491904385851187
4736;0.44085573256015775,0.8;0.4119803637266159,0.815625;0.00018934700353482106
4800;0.45035008490085604,0.796875;0.3815686792135239,0.84375;0.00018359006907544878
4864;0.44580056667327883,0.790625;0.3852673411369324,0.84375;0.00017765386202919786
4928;0.4260604321956635,0.80625;0.44234483540058134,0.809375;0.00017154417900150994
4992;0.41056130081415176,0.815625;0.4668752998113632,0.775;0.00016526698599417854
5056;0.40135663449764253,0.834375;0.44577193558216094,0.80625;0.00015882841257964963
5120;0.490443953871727,0.75625;0.3929044872522354,0.83125;0.0001522347459155982
5184;0.4485138773918152,0.79375;0.41772682666778566,0.83125;0.00014549242460562534
5248;0.4339384794235229,0.80625;0.41072683334350585,0.81875;0.00013860803241207123
5312;0.4284401714801788,0.815625;0.4102214902639389,0.8125;0.00013158829182708282
5376;0.44592459201812745,0.796875;0.4111793637275696,0.81875;0.00012444005750821447
5440;0.4406610369682312,0.796875;0.4031383842229843,0.828125;0.00011717030958497107
5504;0.45789635181427,0.784375;0.430422443151474,0.8125;0.00010978614684283003
5568;0.4336566299200058,0.796875;0.41386348009109497,0.8125;0.00010229477979139786
5632;0.46056247055530547,0.784375;0.421082603931427,0.81875;9.470352362346968e-05
5696;0.44987828433513644,0.796875;0.4447141945362091,0.796875;8.701979107186782e-05
5760;0.39996611177921293,0.8375;0.44250597059726715,0.8;7.925108517103386e-05
5824;0.4018271863460541,0.821875;0.43074336647987366,0.80625;7.140499193044293e-05
5888;0.4548070043325424,0.778125;0.43356001377105713,0.80625;6.34891729269941e-05
5952;0.489134693145752,0.759375;0.4609903544187546,0.778125;5.551135782361063e-05
6016;0.4407075881958008,0.8;0.4028651356697083,0.821875;4.7479336821355296e-05
6080;0.41668211221694945,0.83125;0.4040058732032776,0.83125;3.9400953052431206e-05
6144;0.41998048722743986,0.81875;0.4229578167200089,0.8125;3.1284094921496336e-05
6208;0.41567306220531464,0.815625;0.4494298219680786,0.784375;2.3136688402770243e-05
6272;0.40770559906959536,0.825;0.40182421505451205,0.821875;1.4966689300454763e-05
6336;0.42110009491443634,0.8125;0.40058429539203644,0.821875;6.782075480026186e-06
6400;0.5175748020410538,0.734375;0.4403157025575638,0.790625;0.00020971444375045463
6528;0.4774881511926651,0.778125;0.44185670018196105,0.80625;0.00020959445533834481
6656;0.42466226518154143,0.815625;0.4089958190917969,0.821875;0.00020926980149747217
6784;0.4472577780485153,0.803125;0.41843789517879487,0.825;0.00020874079924680287
6912;0.4242359042167664,0.80625;0.41663304567337034,0.81875;0.00020800796514805736
7040;0.37240189760923387,0.85;0.3936025321483612,0.83125;0.00020707201480129665
7168;0.4245846480131149,0.8125;0.45743604004383087,0.7875;0.00020593386214615104
7296;0.4201902776956558,0.80625;0.47539294362068174,0.76875;0.00020459461856937354
7424;0.45791925191879274,0.771875;0.42390779554843905,0.83125;0.0002030555918195895
7552;0.4178484737873077,0.815625;0.36066666543483733,0.865625;0.00020131828473030243
7680;0.4478185623884201,0.796875;0.38744652569293975,0.834375;0.00019938439375240242
7808;0.4426510274410248,0.78125;0.45292832553386686,0.784375;0.00019725580729761073
7936;0.4468242108821869,0.7875;0.4533077567815781,0.784375;0.00019493460389447776
8064;0.4685139000415802,0.775;0.41537128686904906,0.809375;0.00019242305015873524
8192;0.43358842134475706,0.80625;0.4546180158853531,0.765625;0.00018972359857998434
8320;0.4416236847639084,0.79375;0.42364001274108887,0.815625;0.0001868388851268813
8448;0.43946023285388947,0.7875;0.39098696410655975,0.821875;0.0001837717266731587
8576;0.4443372428417206,0.790625;0.4340580701828003,0.8;0.0001805251182469961
8704;0.4449854135513306,0.784375;0.3983306705951691,0.828125;0.00017710223010642578
8832;0.43562532067298887,0.8;0.4391788423061371,0.784375;0.0001735064046436297
8960;0.4233491748571396,0.815625;0.411246183514595,0.8125;0.00016974115312115012
9088;0.4104835331439972,0.821875;0.4292800009250641,0.796875;0.0001658101522432014
9216;0.4246204137802124,0.809375;0.4058674067258835,0.825;0.0001617172405654307
9344;0.43139035999774933,0.79375;0.3952619254589081,0.828125;0.00015746641474663353
9472;0.37696848809719086,0.846875;0.4274477243423462,0.796875;0.0001530618256460843
9600;0.461628845334053,0.76875;0.432704558968544,0.796875;0.00014850777427029255
9728;0.3737635284662247,0.840625;0.40933679044246674,0.809375;0.00014380870757314332
9856;0.43931337893009187,0.784375;0.44080006778240205,0.80625;0.0001389692141135219
9984;0.4005025625228882,0.825;0.4351889222860336,0.796875;0.00013399401957466412
10112;0.44526612758636475,0.7875;0.395622530579567,0.83125;0.0001288879821496067
10240;0.4388134956359863,0.771875;0.4302744358778,0.80625;0.00012365608779724442
10368;0.4286475896835327,0.8;0.4219874650239944,0.8125;0.00011830344537362566
10496;0.39744062125682833,0.840625;0.3755257099866867,0.85;0.00011283528164324128
10624;0.39815651178359984,0.83125;0.3782932907342911,0.83125;0.00010725693617517779
10752;0.39351620674133303,0.828125;0.43659682273864747,0.803125;0.0001015738561291187
10880;0.4513803333044052,0.78125;0.43003357350826266,0.790625;9.579159093628556e-05
11008;0.4301959365606308,0.803125;0.41668170392513276,0.809375;8.991578688051257e-05
11136;0.4172080963850021,0.815625;0.4071908205747604,0.80625;8.395218158474618e-05
11264;0.4540522664785385,0.778125;0.424084460735321,0.80625;7.790659840835371e-05
11392;0.4040813744068146,0.821875;0.427400666475296,0.803125;7.17849407607117e-05
11520;0.384498143196106,0.840625;0.41559342443943026,0.821875;6.559318633662688e-05
11648;0.4302257806062698,0.8;0.40578769743442533,0.821875;5.9337381279218604e-05
11776;0.4356721520423889,0.79375;0.40121436715126035,0.80625;5.302363427596271e-05
11904;0.40285773277282716,0.809375;0.41185583770275114,0.80625;4.6658110593661886e-05
12032;0.4064673185348511,0.825;0.4390196889638901,0.784375;4.02470260581672e-05
12160;0.4229788511991501,0.80625;0.3639272153377533,0.853125;3.379664098472973e-05
12288;0.4042061328887939,0.80625;0.44851999878883364,0.7875;2.731325406490889e-05
12416;0.4236509770154953,0.796875;0.4119422972202301,0.825;2.0803196216007035e-05
12544;0.4258254647254944,0.796875;0.394435054063797,0.84375;1.427282439903616e-05
12672;0.4900549739599228,0.740625;0.4102035701274872,0.809375;7.72851541125335e-06
12800;0.45808976888656616,0.771875;0.43156732618808746,0.803125;1.1766596593264666e-06
13056;0.37763901501894,0.84375;0.386825954914093,0.83125;0.0001677043033246815
13312;0.45295839905738833,0.784375;0.42216854393482206,0.8125;0.00016747334749271973
13568;0.4562509149312973,0.765625;0.40204731523990633,0.825;0.00016707885677899972
13824;0.4095135986804962,0.796875;0.41914841830730437,0.81875;0.00016652121639700878
14080;0.4609293818473816,0.76875;0.42103985249996184,0.8125;0.00016580097087311662
14336;0.4303617626428604,0.803125;0.3821445494890213,0.8375;0.00016491882351485454
14592;0.4444717764854431,0.7875;0.4341423362493515,0.784375;0.00016387563572414763
14848;0.43880338668823243,0.790625;0.3683985769748688,0.85;0.00016267242615617032
15104;0.45720755159854887,0.78125;0.4044433251023293,0.81875;0.00016131036972464696
15360;0.431588152050972,0.78125;0.38078250288963317,0.840625;0.00015979079645456846
15616;0.4226714849472046,0.8125;0.4316441982984543,0.803125;0.00015811519018344545
15872;0.40426244735717776,0.80625;0.41846684217453,0.796875;0.00015628518711236622
16128;0.44439377188682555,0.778125;0.3903272897005081,0.825;0.000154302574208274
16384;0.3956517815589905,0.828125;0.42315293848514557,0.803125;0.00015216928745902418
